{
 "cells": [
  {
   "cell_type": "code",
   "execution_count": 1,
   "id": "9622a825-3d51-4ee4-9714-5ecf93003415",
   "metadata": {},
   "outputs": [],
   "source": [
    "import pandas as pd\n",
    "from sklearn.preprocessing import MinMaxScaler\n",
    "from sklearn.metrics.pairwise import euclidean_distances\n"
   ]
  },
  {
   "cell_type": "code",
   "execution_count": 2,
   "id": "b3c1b7b6-0288-4ea9-a891-c1773584a60e",
   "metadata": {},
   "outputs": [
    {
     "data": {
      "text/html": [
       "<div>\n",
       "<style scoped>\n",
       "    .dataframe tbody tr th:only-of-type {\n",
       "        vertical-align: middle;\n",
       "    }\n",
       "\n",
       "    .dataframe tbody tr th {\n",
       "        vertical-align: top;\n",
       "    }\n",
       "\n",
       "    .dataframe thead th {\n",
       "        text-align: right;\n",
       "    }\n",
       "</style>\n",
       "<table border=\"1\" class=\"dataframe\">\n",
       "  <thead>\n",
       "    <tr style=\"text-align: right;\">\n",
       "      <th></th>\n",
       "      <th>No</th>\n",
       "      <th>Username</th>\n",
       "      <th>Given Name</th>\n",
       "      <th>Position Tittle</th>\n",
       "      <th>Salary Paid (Rp)</th>\n",
       "      <th>Taxable Benefits (Rp)</th>\n",
       "      <th>Unnamed: 6</th>\n",
       "    </tr>\n",
       "  </thead>\n",
       "  <tbody>\n",
       "    <tr>\n",
       "      <th>0</th>\n",
       "      <td>1.0</td>\n",
       "      <td>Aafer</td>\n",
       "      <td>Yousra</td>\n",
       "      <td>Assistant Professor</td>\n",
       "      <td>2228730400</td>\n",
       "      <td>3102400</td>\n",
       "      <td>NaN</td>\n",
       "    </tr>\n",
       "    <tr>\n",
       "      <th>1</th>\n",
       "      <td>2.0</td>\n",
       "      <td>Abdel</td>\n",
       "      <td>Eihab</td>\n",
       "      <td>Professor</td>\n",
       "      <td>2943589960</td>\n",
       "      <td>4224640</td>\n",
       "      <td>NaN</td>\n",
       "    </tr>\n",
       "    <tr>\n",
       "      <th>2</th>\n",
       "      <td>3.0</td>\n",
       "      <td>Abeywardena</td>\n",
       "      <td>Ishan S.</td>\n",
       "      <td>Associate Director</td>\n",
       "      <td>1875653340</td>\n",
       "      <td>6498240</td>\n",
       "      <td>NaN</td>\n",
       "    </tr>\n",
       "    <tr>\n",
       "      <th>3</th>\n",
       "      <td>4.0</td>\n",
       "      <td>Abouee Mehrizi</td>\n",
       "      <td>Hossein</td>\n",
       "      <td>Associate Professor</td>\n",
       "      <td>2896206240</td>\n",
       "      <td>8822800</td>\n",
       "      <td>NaN</td>\n",
       "    </tr>\n",
       "    <tr>\n",
       "      <th>4</th>\n",
       "      <td>5.0</td>\n",
       "      <td>Abraham</td>\n",
       "      <td>John</td>\n",
       "      <td>Academic Dean, Continuing Lecturer</td>\n",
       "      <td>1611652560</td>\n",
       "      <td>10620240</td>\n",
       "      <td>NaN</td>\n",
       "    </tr>\n",
       "    <tr>\n",
       "      <th>5</th>\n",
       "      <td>6.0</td>\n",
       "      <td>Abukhdeir</td>\n",
       "      <td>Nasser M.</td>\n",
       "      <td>Associate Professor</td>\n",
       "      <td>2465629480</td>\n",
       "      <td>8282240</td>\n",
       "      <td>NaN</td>\n",
       "    </tr>\n",
       "    <tr>\n",
       "      <th>6</th>\n",
       "      <td>7.0</td>\n",
       "      <td>Boone</td>\n",
       "      <td>Christoper</td>\n",
       "      <td>Project Scientist</td>\n",
       "      <td>1647475360</td>\n",
       "      <td>2443720</td>\n",
       "      <td>NaN</td>\n",
       "    </tr>\n",
       "    <tr>\n",
       "      <th>7</th>\n",
       "      <td>8.0</td>\n",
       "      <td>Acheson</td>\n",
       "      <td>Katherine</td>\n",
       "      <td>Professor</td>\n",
       "      <td>2706313680</td>\n",
       "      <td>9921680</td>\n",
       "      <td>NaN</td>\n",
       "    </tr>\n",
       "    <tr>\n",
       "      <th>8</th>\n",
       "      <td>9.0</td>\n",
       "      <td>Acker</td>\n",
       "      <td>Stacey</td>\n",
       "      <td>Associate Professor</td>\n",
       "      <td>1896386720</td>\n",
       "      <td>6575080</td>\n",
       "      <td>NaN</td>\n",
       "    </tr>\n",
       "    <tr>\n",
       "      <th>9</th>\n",
       "      <td>10.0</td>\n",
       "      <td>Adair</td>\n",
       "      <td>Wendi L.</td>\n",
       "      <td>Professor</td>\n",
       "      <td>2620123360</td>\n",
       "      <td>9086560</td>\n",
       "      <td>NaN</td>\n",
       "    </tr>\n",
       "    <tr>\n",
       "      <th>10</th>\n",
       "      <td>11.0</td>\n",
       "      <td>Adcock</td>\n",
       "      <td>James</td>\n",
       "      <td>Lecturer</td>\n",
       "      <td>2112699200</td>\n",
       "      <td>6682160</td>\n",
       "      <td>NaN</td>\n",
       "    </tr>\n",
       "    <tr>\n",
       "      <th>11</th>\n",
       "      <td>12.0</td>\n",
       "      <td>Ager</td>\n",
       "      <td>Sheila L.</td>\n",
       "      <td>Arts</td>\n",
       "      <td>3680752640</td>\n",
       "      <td>4838400</td>\n",
       "      <td>NaN</td>\n",
       "    </tr>\n",
       "    <tr>\n",
       "      <th>12</th>\n",
       "      <td>13.0</td>\n",
       "      <td>Alarco</td>\n",
       "      <td>Javier A.</td>\n",
       "      <td>Executive Chef</td>\n",
       "      <td>1439123760</td>\n",
       "      <td>2130360</td>\n",
       "      <td>NaN</td>\n",
       "    </tr>\n",
       "    <tr>\n",
       "      <th>13</th>\n",
       "      <td>14.0</td>\n",
       "      <td>Alfano</td>\n",
       "      <td>Marco</td>\n",
       "      <td>Associate Professor</td>\n",
       "      <td>2324888880</td>\n",
       "      <td>3459680</td>\n",
       "      <td>NaN</td>\n",
       "    </tr>\n",
       "    <tr>\n",
       "      <th>14</th>\n",
       "      <td>15.0</td>\n",
       "      <td>Allen</td>\n",
       "      <td>Daniel</td>\n",
       "      <td>Information System Specialist</td>\n",
       "      <td>1496267920</td>\n",
       "      <td>2200640</td>\n",
       "      <td>NaN</td>\n",
       "    </tr>\n",
       "    <tr>\n",
       "      <th>15</th>\n",
       "      <td>16.0</td>\n",
       "      <td>Andres</td>\n",
       "      <td>Gregory G.</td>\n",
       "      <td>Lecturer</td>\n",
       "      <td>2121804160</td>\n",
       "      <td>2423680</td>\n",
       "      <td>NaN</td>\n",
       "    </tr>\n",
       "    <tr>\n",
       "      <th>16</th>\n",
       "      <td>17.0</td>\n",
       "      <td>Andrews</td>\n",
       "      <td>Tanya</td>\n",
       "      <td>Manager, Counselling Services</td>\n",
       "      <td>1916470740</td>\n",
       "      <td>6146240</td>\n",
       "      <td>NaN</td>\n",
       "    </tr>\n",
       "    <tr>\n",
       "      <th>17</th>\n",
       "      <td>18.0</td>\n",
       "      <td>Andrey</td>\n",
       "      <td>Jean</td>\n",
       "      <td>Professor</td>\n",
       "      <td>3792119680</td>\n",
       "      <td>5622960</td>\n",
       "      <td>NaN</td>\n",
       "    </tr>\n",
       "    <tr>\n",
       "      <th>18</th>\n",
       "      <td>19.0</td>\n",
       "      <td>Arami</td>\n",
       "      <td>Arash</td>\n",
       "      <td>Assistant Professor</td>\n",
       "      <td>1927157440</td>\n",
       "      <td>2864960</td>\n",
       "      <td>NaN</td>\n",
       "    </tr>\n",
       "    <tr>\n",
       "      <th>19</th>\n",
       "      <td>20.0</td>\n",
       "      <td>Bae</td>\n",
       "      <td>Tae Hee</td>\n",
       "      <td>Team Lead, Information System</td>\n",
       "      <td>1469335200</td>\n",
       "      <td>5091360</td>\n",
       "      <td>NaN</td>\n",
       "    </tr>\n",
       "    <tr>\n",
       "      <th>20</th>\n",
       "      <td>NaN</td>\n",
       "      <td>NaN</td>\n",
       "      <td>NaN</td>\n",
       "      <td>MIN</td>\n",
       "      <td>1439123760</td>\n",
       "      <td>2130360</td>\n",
       "      <td>NaN</td>\n",
       "    </tr>\n",
       "    <tr>\n",
       "      <th>21</th>\n",
       "      <td>NaN</td>\n",
       "      <td>NaN</td>\n",
       "      <td>NaN</td>\n",
       "      <td>MAX</td>\n",
       "      <td>3792119680</td>\n",
       "      <td>10620240</td>\n",
       "      <td>NaN</td>\n",
       "    </tr>\n",
       "    <tr>\n",
       "      <th>22</th>\n",
       "      <td>NaN</td>\n",
       "      <td>NaN</td>\n",
       "      <td>NaN</td>\n",
       "      <td>SUM</td>\n",
       "      <td>45172380720</td>\n",
       "      <td>111038040</td>\n",
       "      <td>NaN</td>\n",
       "    </tr>\n",
       "  </tbody>\n",
       "</table>\n",
       "</div>"
      ],
      "text/plain": [
       "      No        Username  Given Name                     Position Tittle  \\\n",
       "0    1.0           Aafer      Yousra                 Assistant Professor   \n",
       "1    2.0           Abdel       Eihab                           Professor   \n",
       "2    3.0     Abeywardena    Ishan S.                  Associate Director   \n",
       "3    4.0  Abouee Mehrizi     Hossein                 Associate Professor   \n",
       "4    5.0         Abraham        John  Academic Dean, Continuing Lecturer   \n",
       "5    6.0       Abukhdeir   Nasser M.                 Associate Professor   \n",
       "6    7.0           Boone  Christoper                   Project Scientist   \n",
       "7    8.0         Acheson   Katherine                           Professor   \n",
       "8    9.0           Acker      Stacey                 Associate Professor   \n",
       "9   10.0           Adair    Wendi L.                           Professor   \n",
       "10  11.0          Adcock       James                            Lecturer   \n",
       "11  12.0            Ager   Sheila L.                                Arts   \n",
       "12  13.0          Alarco   Javier A.                      Executive Chef   \n",
       "13  14.0          Alfano       Marco                 Associate Professor   \n",
       "14  15.0           Allen      Daniel       Information System Specialist   \n",
       "15  16.0          Andres  Gregory G.                            Lecturer   \n",
       "16  17.0         Andrews       Tanya       Manager, Counselling Services   \n",
       "17  18.0          Andrey        Jean                           Professor   \n",
       "18  19.0           Arami       Arash                 Assistant Professor   \n",
       "19  20.0             Bae     Tae Hee       Team Lead, Information System   \n",
       "20   NaN             NaN         NaN                                 MIN   \n",
       "21   NaN             NaN         NaN                                 MAX   \n",
       "22   NaN             NaN         NaN                                 SUM   \n",
       "\n",
       "     Salary Paid (Rp)    Taxable Benefits (Rp)   Unnamed: 6  \n",
       "0           2228730400                  3102400         NaN  \n",
       "1           2943589960                  4224640         NaN  \n",
       "2           1875653340                  6498240         NaN  \n",
       "3           2896206240                  8822800         NaN  \n",
       "4           1611652560                 10620240         NaN  \n",
       "5           2465629480                  8282240         NaN  \n",
       "6           1647475360                  2443720         NaN  \n",
       "7           2706313680                  9921680         NaN  \n",
       "8           1896386720                  6575080         NaN  \n",
       "9           2620123360                  9086560         NaN  \n",
       "10          2112699200                  6682160         NaN  \n",
       "11          3680752640                  4838400         NaN  \n",
       "12          1439123760                  2130360         NaN  \n",
       "13          2324888880                  3459680         NaN  \n",
       "14          1496267920                  2200640         NaN  \n",
       "15          2121804160                  2423680         NaN  \n",
       "16          1916470740                  6146240         NaN  \n",
       "17          3792119680                  5622960         NaN  \n",
       "18          1927157440                  2864960         NaN  \n",
       "19          1469335200                  5091360         NaN  \n",
       "20          1439123760                  2130360         NaN  \n",
       "21          3792119680                 10620240         NaN  \n",
       "22         45172380720                111038040         NaN  "
      ]
     },
     "metadata": {},
     "output_type": "display_data"
    }
   ],
   "source": [
    "dataset = pd.read_csv(\"datmindataset.csv\")\n",
    "display(dataset)"
   ]
  },
  {
   "cell_type": "code",
   "execution_count": 3,
   "id": "808e5704-7876-4e30-b2ee-b183aab65bd2",
   "metadata": {},
   "outputs": [
    {
     "data": {
      "text/html": [
       "<div>\n",
       "<style scoped>\n",
       "    .dataframe tbody tr th:only-of-type {\n",
       "        vertical-align: middle;\n",
       "    }\n",
       "\n",
       "    .dataframe tbody tr th {\n",
       "        vertical-align: top;\n",
       "    }\n",
       "\n",
       "    .dataframe thead th {\n",
       "        text-align: right;\n",
       "    }\n",
       "</style>\n",
       "<table border=\"1\" class=\"dataframe\">\n",
       "  <thead>\n",
       "    <tr style=\"text-align: right;\">\n",
       "      <th></th>\n",
       "      <th>Position Tittle</th>\n",
       "      <th>Salary Paid (Rp)</th>\n",
       "      <th>Taxable Benefits (Rp)</th>\n",
       "    </tr>\n",
       "  </thead>\n",
       "  <tbody>\n",
       "    <tr>\n",
       "      <th>0</th>\n",
       "      <td>Assistant Professor</td>\n",
       "      <td>2228730400</td>\n",
       "      <td>3102400</td>\n",
       "    </tr>\n",
       "    <tr>\n",
       "      <th>1</th>\n",
       "      <td>Professor</td>\n",
       "      <td>2943589960</td>\n",
       "      <td>4224640</td>\n",
       "    </tr>\n",
       "    <tr>\n",
       "      <th>2</th>\n",
       "      <td>Associate Director</td>\n",
       "      <td>1875653340</td>\n",
       "      <td>6498240</td>\n",
       "    </tr>\n",
       "    <tr>\n",
       "      <th>3</th>\n",
       "      <td>Associate Professor</td>\n",
       "      <td>2896206240</td>\n",
       "      <td>8822800</td>\n",
       "    </tr>\n",
       "    <tr>\n",
       "      <th>4</th>\n",
       "      <td>Academic Dean, Continuing Lecturer</td>\n",
       "      <td>1611652560</td>\n",
       "      <td>10620240</td>\n",
       "    </tr>\n",
       "    <tr>\n",
       "      <th>5</th>\n",
       "      <td>Associate Professor</td>\n",
       "      <td>2465629480</td>\n",
       "      <td>8282240</td>\n",
       "    </tr>\n",
       "    <tr>\n",
       "      <th>6</th>\n",
       "      <td>Project Scientist</td>\n",
       "      <td>1647475360</td>\n",
       "      <td>2443720</td>\n",
       "    </tr>\n",
       "    <tr>\n",
       "      <th>7</th>\n",
       "      <td>Professor</td>\n",
       "      <td>2706313680</td>\n",
       "      <td>9921680</td>\n",
       "    </tr>\n",
       "    <tr>\n",
       "      <th>8</th>\n",
       "      <td>Associate Professor</td>\n",
       "      <td>1896386720</td>\n",
       "      <td>6575080</td>\n",
       "    </tr>\n",
       "    <tr>\n",
       "      <th>9</th>\n",
       "      <td>Professor</td>\n",
       "      <td>2620123360</td>\n",
       "      <td>9086560</td>\n",
       "    </tr>\n",
       "    <tr>\n",
       "      <th>10</th>\n",
       "      <td>Lecturer</td>\n",
       "      <td>2112699200</td>\n",
       "      <td>6682160</td>\n",
       "    </tr>\n",
       "    <tr>\n",
       "      <th>11</th>\n",
       "      <td>Arts</td>\n",
       "      <td>3680752640</td>\n",
       "      <td>4838400</td>\n",
       "    </tr>\n",
       "    <tr>\n",
       "      <th>12</th>\n",
       "      <td>Executive Chef</td>\n",
       "      <td>1439123760</td>\n",
       "      <td>2130360</td>\n",
       "    </tr>\n",
       "    <tr>\n",
       "      <th>13</th>\n",
       "      <td>Associate Professor</td>\n",
       "      <td>2324888880</td>\n",
       "      <td>3459680</td>\n",
       "    </tr>\n",
       "    <tr>\n",
       "      <th>14</th>\n",
       "      <td>Information System Specialist</td>\n",
       "      <td>1496267920</td>\n",
       "      <td>2200640</td>\n",
       "    </tr>\n",
       "    <tr>\n",
       "      <th>15</th>\n",
       "      <td>Lecturer</td>\n",
       "      <td>2121804160</td>\n",
       "      <td>2423680</td>\n",
       "    </tr>\n",
       "    <tr>\n",
       "      <th>16</th>\n",
       "      <td>Manager, Counselling Services</td>\n",
       "      <td>1916470740</td>\n",
       "      <td>6146240</td>\n",
       "    </tr>\n",
       "    <tr>\n",
       "      <th>17</th>\n",
       "      <td>Professor</td>\n",
       "      <td>3792119680</td>\n",
       "      <td>5622960</td>\n",
       "    </tr>\n",
       "    <tr>\n",
       "      <th>18</th>\n",
       "      <td>Assistant Professor</td>\n",
       "      <td>1927157440</td>\n",
       "      <td>2864960</td>\n",
       "    </tr>\n",
       "    <tr>\n",
       "      <th>19</th>\n",
       "      <td>Team Lead, Information System</td>\n",
       "      <td>1469335200</td>\n",
       "      <td>5091360</td>\n",
       "    </tr>\n",
       "  </tbody>\n",
       "</table>\n",
       "</div>"
      ],
      "text/plain": [
       "                       Position Tittle   Salary Paid (Rp)   \\\n",
       "0                  Assistant Professor          2228730400   \n",
       "1                            Professor          2943589960   \n",
       "2                   Associate Director          1875653340   \n",
       "3                  Associate Professor          2896206240   \n",
       "4   Academic Dean, Continuing Lecturer          1611652560   \n",
       "5                  Associate Professor          2465629480   \n",
       "6                    Project Scientist          1647475360   \n",
       "7                            Professor          2706313680   \n",
       "8                  Associate Professor          1896386720   \n",
       "9                            Professor          2620123360   \n",
       "10                            Lecturer          2112699200   \n",
       "11                                Arts          3680752640   \n",
       "12                      Executive Chef          1439123760   \n",
       "13                 Associate Professor          2324888880   \n",
       "14       Information System Specialist          1496267920   \n",
       "15                            Lecturer          2121804160   \n",
       "16       Manager, Counselling Services          1916470740   \n",
       "17                           Professor          3792119680   \n",
       "18                 Assistant Professor          1927157440   \n",
       "19       Team Lead, Information System          1469335200   \n",
       "\n",
       "     Taxable Benefits (Rp)   \n",
       "0                   3102400  \n",
       "1                   4224640  \n",
       "2                   6498240  \n",
       "3                   8822800  \n",
       "4                  10620240  \n",
       "5                   8282240  \n",
       "6                   2443720  \n",
       "7                   9921680  \n",
       "8                   6575080  \n",
       "9                   9086560  \n",
       "10                  6682160  \n",
       "11                  4838400  \n",
       "12                  2130360  \n",
       "13                  3459680  \n",
       "14                  2200640  \n",
       "15                  2423680  \n",
       "16                  6146240  \n",
       "17                  5622960  \n",
       "18                  2864960  \n",
       "19                  5091360  "
      ]
     },
     "metadata": {},
     "output_type": "display_data"
    }
   ],
   "source": [
    "dataset = dataset.iloc[:,3:6]\n",
    "# Menghapus tiga baris terakhir\n",
    "dataset = dataset.drop(dataset.index[-3:], axis=0)\n",
    "\n",
    "display(dataset)"
   ]
  },
  {
   "cell_type": "code",
   "execution_count": 4,
   "id": "ce563e13-9d78-4984-99ab-f2a2166d6727",
   "metadata": {},
   "outputs": [
    {
     "name": "stdout",
     "output_type": "stream",
     "text": [
      "[[0.33557501 0.11449396]\n",
      " [0.63938326 0.24667958]\n",
      " [0.18552076 0.51448077]\n",
      " [0.61924565 0.7882844 ]\n",
      " [0.07332303 1.        ]\n",
      " [0.43625478 0.7246133 ]\n",
      " [0.08854737 0.03690983]\n",
      " [0.53854319 0.91771851]\n",
      " [0.19433224 0.52353155]\n",
      " [0.50191315 0.81935198]\n",
      " [0.2862629  0.53614421]\n",
      " [0.95267011 0.31897271]\n",
      " [0.         0.        ]\n",
      " [0.37644142 0.15657701]\n",
      " [0.0242857  0.00827809]\n",
      " [0.29013242 0.03454937]\n",
      " [0.20286775 0.47301964]\n",
      " [1.         0.41138391]\n",
      " [0.20740949 0.08652655]\n",
      " [0.01283956 0.34876818]]\n"
     ]
    }
   ],
   "source": [
    "label = dataset['Position Tittle']\n",
    "data_to_scalling = dataset.iloc[:,1:3]\n",
    "scaled_data = MinMaxScaler().fit_transform(data_to_scalling)\n",
    "print(scaled_data)"
   ]
  },
  {
   "cell_type": "code",
   "execution_count": 5,
   "id": "69de72f5-c453-4d3c-b6e1-33e28804bbf1",
   "metadata": {},
   "outputs": [
    {
     "data": {
      "text/html": [
       "<div>\n",
       "<style scoped>\n",
       "    .dataframe tbody tr th:only-of-type {\n",
       "        vertical-align: middle;\n",
       "    }\n",
       "\n",
       "    .dataframe tbody tr th {\n",
       "        vertical-align: top;\n",
       "    }\n",
       "\n",
       "    .dataframe thead th {\n",
       "        text-align: right;\n",
       "    }\n",
       "</style>\n",
       "<table border=\"1\" class=\"dataframe\">\n",
       "  <thead>\n",
       "    <tr style=\"text-align: right;\">\n",
       "      <th></th>\n",
       "      <th>Position Tittle</th>\n",
       "      <th>Salary(Scaled)</th>\n",
       "      <th>Taxable Beneefits (Scaled)</th>\n",
       "    </tr>\n",
       "  </thead>\n",
       "  <tbody>\n",
       "    <tr>\n",
       "      <th>0</th>\n",
       "      <td>Assistant Professor</td>\n",
       "      <td>0.335575</td>\n",
       "      <td>0.114494</td>\n",
       "    </tr>\n",
       "    <tr>\n",
       "      <th>1</th>\n",
       "      <td>Professor</td>\n",
       "      <td>0.639383</td>\n",
       "      <td>0.246680</td>\n",
       "    </tr>\n",
       "    <tr>\n",
       "      <th>2</th>\n",
       "      <td>Associate Director</td>\n",
       "      <td>0.185521</td>\n",
       "      <td>0.514481</td>\n",
       "    </tr>\n",
       "    <tr>\n",
       "      <th>3</th>\n",
       "      <td>Associate Professor</td>\n",
       "      <td>0.619246</td>\n",
       "      <td>0.788284</td>\n",
       "    </tr>\n",
       "    <tr>\n",
       "      <th>4</th>\n",
       "      <td>Academic Dean, Continuing Lecturer</td>\n",
       "      <td>0.073323</td>\n",
       "      <td>1.000000</td>\n",
       "    </tr>\n",
       "    <tr>\n",
       "      <th>5</th>\n",
       "      <td>Associate Professor</td>\n",
       "      <td>0.436255</td>\n",
       "      <td>0.724613</td>\n",
       "    </tr>\n",
       "    <tr>\n",
       "      <th>6</th>\n",
       "      <td>Project Scientist</td>\n",
       "      <td>0.088547</td>\n",
       "      <td>0.036910</td>\n",
       "    </tr>\n",
       "    <tr>\n",
       "      <th>7</th>\n",
       "      <td>Professor</td>\n",
       "      <td>0.538543</td>\n",
       "      <td>0.917719</td>\n",
       "    </tr>\n",
       "    <tr>\n",
       "      <th>8</th>\n",
       "      <td>Associate Professor</td>\n",
       "      <td>0.194332</td>\n",
       "      <td>0.523532</td>\n",
       "    </tr>\n",
       "    <tr>\n",
       "      <th>9</th>\n",
       "      <td>Professor</td>\n",
       "      <td>0.501913</td>\n",
       "      <td>0.819352</td>\n",
       "    </tr>\n",
       "    <tr>\n",
       "      <th>10</th>\n",
       "      <td>Lecturer</td>\n",
       "      <td>0.286263</td>\n",
       "      <td>0.536144</td>\n",
       "    </tr>\n",
       "    <tr>\n",
       "      <th>11</th>\n",
       "      <td>Arts</td>\n",
       "      <td>0.952670</td>\n",
       "      <td>0.318973</td>\n",
       "    </tr>\n",
       "    <tr>\n",
       "      <th>12</th>\n",
       "      <td>Executive Chef</td>\n",
       "      <td>0.000000</td>\n",
       "      <td>0.000000</td>\n",
       "    </tr>\n",
       "    <tr>\n",
       "      <th>13</th>\n",
       "      <td>Associate Professor</td>\n",
       "      <td>0.376441</td>\n",
       "      <td>0.156577</td>\n",
       "    </tr>\n",
       "    <tr>\n",
       "      <th>14</th>\n",
       "      <td>Information System Specialist</td>\n",
       "      <td>0.024286</td>\n",
       "      <td>0.008278</td>\n",
       "    </tr>\n",
       "    <tr>\n",
       "      <th>15</th>\n",
       "      <td>Lecturer</td>\n",
       "      <td>0.290132</td>\n",
       "      <td>0.034549</td>\n",
       "    </tr>\n",
       "    <tr>\n",
       "      <th>16</th>\n",
       "      <td>Manager, Counselling Services</td>\n",
       "      <td>0.202868</td>\n",
       "      <td>0.473020</td>\n",
       "    </tr>\n",
       "    <tr>\n",
       "      <th>17</th>\n",
       "      <td>Professor</td>\n",
       "      <td>1.000000</td>\n",
       "      <td>0.411384</td>\n",
       "    </tr>\n",
       "    <tr>\n",
       "      <th>18</th>\n",
       "      <td>Assistant Professor</td>\n",
       "      <td>0.207409</td>\n",
       "      <td>0.086527</td>\n",
       "    </tr>\n",
       "    <tr>\n",
       "      <th>19</th>\n",
       "      <td>Team Lead, Information System</td>\n",
       "      <td>0.012840</td>\n",
       "      <td>0.348768</td>\n",
       "    </tr>\n",
       "  </tbody>\n",
       "</table>\n",
       "</div>"
      ],
      "text/plain": [
       "                       Position Tittle  Salary(Scaled)  \\\n",
       "0                  Assistant Professor        0.335575   \n",
       "1                            Professor        0.639383   \n",
       "2                   Associate Director        0.185521   \n",
       "3                  Associate Professor        0.619246   \n",
       "4   Academic Dean, Continuing Lecturer        0.073323   \n",
       "5                  Associate Professor        0.436255   \n",
       "6                    Project Scientist        0.088547   \n",
       "7                            Professor        0.538543   \n",
       "8                  Associate Professor        0.194332   \n",
       "9                            Professor        0.501913   \n",
       "10                            Lecturer        0.286263   \n",
       "11                                Arts        0.952670   \n",
       "12                      Executive Chef        0.000000   \n",
       "13                 Associate Professor        0.376441   \n",
       "14       Information System Specialist        0.024286   \n",
       "15                            Lecturer        0.290132   \n",
       "16       Manager, Counselling Services        0.202868   \n",
       "17                           Professor        1.000000   \n",
       "18                 Assistant Professor        0.207409   \n",
       "19       Team Lead, Information System        0.012840   \n",
       "\n",
       "    Taxable Beneefits (Scaled)  \n",
       "0                     0.114494  \n",
       "1                     0.246680  \n",
       "2                     0.514481  \n",
       "3                     0.788284  \n",
       "4                     1.000000  \n",
       "5                     0.724613  \n",
       "6                     0.036910  \n",
       "7                     0.917719  \n",
       "8                     0.523532  \n",
       "9                     0.819352  \n",
       "10                    0.536144  \n",
       "11                    0.318973  \n",
       "12                    0.000000  \n",
       "13                    0.156577  \n",
       "14                    0.008278  \n",
       "15                    0.034549  \n",
       "16                    0.473020  \n",
       "17                    0.411384  \n",
       "18                    0.086527  \n",
       "19                    0.348768  "
      ]
     },
     "metadata": {},
     "output_type": "display_data"
    }
   ],
   "source": [
    "col_name = ['Salary(Scaled)','Taxable Beneefits (Scaled)']\n",
    "df_scaled = pd.DataFrame(data = scaled_data, columns=col_name)\n",
    "\n",
    "indeks_kolom_gaji = df_scaled.columns.get_loc('Salary(Scaled)')\n",
    "\n",
    "# Menyisipkan kolom baru sebelum kolom 'gaji(scaled)'\n",
    "df_scaled.insert(indeks_kolom_gaji, \"Position Tittle\", label)\n",
    "display(df_scaled)"
   ]
  },
  {
   "cell_type": "code",
   "execution_count": 8,
   "id": "95e1555b-334f-477e-bec0-dca6908c720e",
   "metadata": {},
   "outputs": [
    {
     "name": "stdout",
     "output_type": "stream",
     "text": [
      "Euclidean Distances:\n"
     ]
    },
    {
     "data": {
      "text/plain": [
       "array([[0.00000000e+00, 3.31319241e-01, 4.27206979e-01, 7.31069217e-01,\n",
       "        9.23524221e-01, 6.18370161e-01, 2.58924912e-01, 8.28472335e-01,\n",
       "        4.32737415e-01, 7.24218980e-01, 4.24523728e-01, 6.50090686e-01,\n",
       "        3.54569396e-01, 5.86601129e-02, 3.28911356e-01, 9.19579756e-02,\n",
       "        3.82298366e-01, 7.27739138e-01, 1.31181846e-01, 3.98800937e-01],\n",
       "       [3.31319241e-01, 0.00000000e+00, 5.26980162e-01, 5.41978221e-01,\n",
       "        9.42292389e-01, 5.19308133e-01, 5.89426630e-01, 6.78573537e-01,\n",
       "        5.24134928e-01, 5.88940761e-01, 4.56599542e-01, 3.21519863e-01,\n",
       "        6.85318643e-01, 2.77951517e-01, 6.59681615e-01, 4.08626752e-01,\n",
       "        4.91706356e-01, 3.96449276e-01, 4.60706544e-01, 6.34805553e-01],\n",
       "       [4.27206979e-01, 5.26980162e-01, 1.05367121e-08, 5.12918569e-01,\n",
       "        4.98314249e-01, 3.27143693e-01, 4.87317162e-01, 5.35934154e-01,\n",
       "        1.26314814e-02, 4.39374811e-01, 1.03044826e-01, 7.91669733e-01,\n",
       "        5.46908348e-01, 4.05642354e-01, 5.31260955e-01, 4.91200759e-01,\n",
       "        4.49436640e-02, 8.20978095e-01, 4.28513373e-01, 2.39331415e-01],\n",
       "       [7.31069217e-01, 5.41978221e-01, 5.12918569e-01, 0.00000000e+00,\n",
       "        5.85538715e-01, 1.93751651e-01, 9.19893644e-01, 1.52533254e-01,\n",
       "        5.00645113e-01, 1.21376495e-01, 4.17674823e-01, 5.75694692e-01,\n",
       "        1.00242569e+00, 6.76762885e-01, 9.81013130e-01, 8.22455151e-01,\n",
       "        5.22266243e-01, 5.35749212e-01, 8.13678439e-01, 7.48934277e-01],\n",
       "       [9.23524221e-01, 9.42292389e-01, 4.98314249e-01, 5.85538715e-01,\n",
       "        0.00000000e+00, 4.55584939e-01, 9.63210319e-01, 4.72440273e-01,\n",
       "        4.91594277e-01, 4.65105459e-01, 5.10397720e-01, 1.11222701e+00,\n",
       "        1.00268453e+00, 8.96238182e-01, 9.92933609e-01, 9.89495718e-01,\n",
       "        5.42669169e-01, 1.09781558e+00, 9.23261597e-01, 6.54034641e-01],\n",
       "       [6.18370161e-01, 5.19308133e-01, 3.27143693e-01, 1.93751651e-01,\n",
       "        4.55584939e-01, 0.00000000e+00, 7.70607727e-01, 2.18524054e-01,\n",
       "        3.14579571e-01, 1.15266869e-01, 2.40869600e-01, 6.56679725e-01,\n",
       "        8.45802829e-01, 5.71176516e-01, 8.26349980e-01, 7.05365335e-01,\n",
       "        3.43174197e-01, 6.44919244e-01, 6.77882169e-01, 5.66162279e-01],\n",
       "       [2.58924912e-01, 5.89426630e-01, 4.87317162e-01, 9.19893644e-01,\n",
       "        9.63210319e-01, 7.70607727e-01, 0.00000000e+00, 9.89101054e-01,\n",
       "        4.97987386e-01, 8.84921993e-01, 5.36960151e-01, 9.08992902e-01,\n",
       "        9.59318472e-02, 3.11774191e-01, 7.03510309e-02, 2.01598826e-01,\n",
       "        4.50845010e-01, 9.85381828e-01, 1.28802258e-01, 3.20915818e-01],\n",
       "       [8.28472335e-01, 6.78573537e-01, 5.35934154e-01, 1.52533254e-01,\n",
       "        4.72440273e-01, 2.18524054e-01, 9.89101054e-01, 0.00000000e+00,\n",
       "        5.23320746e-01, 1.04965821e-01, 4.57432704e-01, 7.28009577e-01,\n",
       "        1.06406613e+00, 7.78212184e-01, 1.04476945e+00, 9.17440611e-01,\n",
       "        5.57166857e-01, 6.85067657e-01, 8.94723347e-01, 7.74641133e-01],\n",
       "       [4.32737415e-01, 5.24134928e-01, 1.26314814e-02, 5.00645113e-01,\n",
       "        4.91594277e-01, 3.14579571e-01, 4.97987386e-01, 5.23320746e-01,\n",
       "        0.00000000e+00, 4.26749978e-01, 9.27920864e-02, 7.85443128e-01,\n",
       "        5.58435924e-01, 4.09657979e-01, 5.42588543e-01, 4.98279053e-01,\n",
       "        5.12281704e-02, 8.13435984e-01, 4.37200615e-01, 2.51955952e-01],\n",
       "       [7.24218980e-01, 5.88940761e-01, 4.39374811e-01, 1.21376495e-01,\n",
       "        4.65105459e-01, 1.15266869e-01, 8.84921993e-01, 1.04965821e-01,\n",
       "        4.26749978e-01, 0.00000000e+00, 3.55965860e-01, 6.73469388e-01,\n",
       "        9.60861259e-01, 6.74547199e-01, 9.41259042e-01, 8.12875723e-01,\n",
       "        4.57573782e-01, 6.43838915e-01, 7.89788001e-01, 6.78705901e-01],\n",
       "       [4.24523728e-01, 4.56599542e-01, 1.03044826e-01, 4.17674823e-01,\n",
       "        5.10397720e-01, 2.40869600e-01, 5.36960151e-01, 4.57432704e-01,\n",
       "        9.27920864e-02, 3.55965860e-01, 0.00000000e+00, 7.00900516e-01,\n",
       "        6.07780301e-01, 3.90132259e-01, 5.89299977e-01, 5.01609921e-01,\n",
       "        1.04591421e-01, 7.24558875e-01, 4.56479353e-01, 3.31466291e-01],\n",
       "       [6.50090686e-01, 3.21519863e-01, 7.91669733e-01, 5.75694692e-01,\n",
       "        1.11222701e+00, 6.56679725e-01, 9.08992902e-01, 7.28009577e-01,\n",
       "        7.85443128e-01, 6.73469388e-01, 7.00900516e-01, 0.00000000e+00,\n",
       "        1.00465114e+00, 5.98675472e-01, 9.78993480e-01, 7.21008747e-01,\n",
       "        7.65462943e-01, 1.03826402e-01, 7.80669649e-01, 9.40302170e-01],\n",
       "       [3.54569396e-01, 6.85318643e-01, 5.46908348e-01, 1.00242569e+00,\n",
       "        1.00268453e+00, 8.45802829e-01, 9.59318472e-02, 1.06406613e+00,\n",
       "        5.58435924e-01, 9.60861259e-01, 6.07780301e-01, 1.00465114e+00,\n",
       "        0.00000000e+00, 4.07706001e-01, 2.56580412e-02, 2.92181811e-01,\n",
       "        5.14687620e-01, 1.08131253e+00, 2.24734098e-01, 3.49004274e-01],\n",
       "       [5.86601129e-02, 2.77951517e-01, 4.05642354e-01, 6.76762885e-01,\n",
       "        8.96238182e-01, 5.71176516e-01, 3.11774191e-01, 7.78212184e-01,\n",
       "        4.09657979e-01, 6.74547199e-01, 3.90132259e-01, 5.98675472e-01,\n",
       "        4.07706001e-01, 0.00000000e+00, 3.82106971e-01, 1.49465970e-01,\n",
       "        3.60920710e-01, 6.73611486e-01, 1.82972182e-01, 4.11270067e-01],\n",
       "       [3.28911356e-01, 6.59681615e-01, 5.31260955e-01, 9.81013130e-01,\n",
       "        9.92933609e-01, 8.26349980e-01, 7.03510309e-02, 1.04476945e+00,\n",
       "        5.42588543e-01, 9.41259042e-01, 5.89299977e-01, 9.78993480e-01,\n",
       "        2.56580412e-02, 3.82106971e-01, 0.00000000e+00, 2.67140901e-01,\n",
       "        4.97872129e-01, 1.05570463e+00, 1.99140501e-01, 3.40682332e-01],\n",
       "       [9.19579756e-02, 4.08626752e-01, 4.91200759e-01, 8.22455151e-01,\n",
       "        9.89495718e-01, 7.05365335e-01, 2.01598826e-01, 9.17440611e-01,\n",
       "        4.98279053e-01, 8.12875723e-01, 5.01609921e-01, 7.21008747e-01,\n",
       "        2.92181811e-01, 1.49465970e-01, 2.67140901e-01, 0.00000000e+00,\n",
       "        4.47070267e-01, 8.03689738e-01, 9.76975292e-02, 4.19075689e-01],\n",
       "       [3.82298366e-01, 4.91706356e-01, 4.49436640e-02, 5.22266243e-01,\n",
       "        5.42669169e-01, 3.43174197e-01, 4.50845010e-01, 5.57166857e-01,\n",
       "        5.12281704e-02, 4.57573782e-01, 1.04591421e-01, 7.65462943e-01,\n",
       "        5.14687620e-01, 3.60920710e-01, 4.97872129e-01, 4.47070267e-01,\n",
       "        0.00000000e+00, 7.99511364e-01, 3.86519676e-01, 2.27044490e-01],\n",
       "       [7.27739138e-01, 3.96449276e-01, 8.20978095e-01, 5.35749212e-01,\n",
       "        1.09781558e+00, 6.44919244e-01, 9.85381828e-01, 6.85067657e-01,\n",
       "        8.13435984e-01, 6.43838915e-01, 7.24558875e-01, 1.03826402e-01,\n",
       "        1.08131253e+00, 6.73611486e-01, 1.05570463e+00, 8.03689738e-01,\n",
       "        7.99511364e-01, 0.00000000e+00, 8.56581907e-01, 9.89143887e-01],\n",
       "       [1.31181846e-01, 4.60706544e-01, 4.28513373e-01, 8.13678439e-01,\n",
       "        9.23261597e-01, 6.77882169e-01, 1.28802258e-01, 8.94723347e-01,\n",
       "        4.37200615e-01, 7.89788001e-01, 4.56479353e-01, 7.80669649e-01,\n",
       "        2.24734098e-01, 1.82972182e-01, 1.99140501e-01, 9.76975292e-02,\n",
       "        3.86519676e-01, 8.56581907e-01, 0.00000000e+00, 3.26538570e-01],\n",
       "       [3.98800937e-01, 6.34805553e-01, 2.39331415e-01, 7.48934277e-01,\n",
       "        6.54034641e-01, 5.66162279e-01, 3.20915818e-01, 7.74641133e-01,\n",
       "        2.51955952e-01, 6.78705901e-01, 3.31466291e-01, 9.40302170e-01,\n",
       "        3.49004274e-01, 4.11270067e-01, 3.40682332e-01, 4.19075689e-01,\n",
       "        2.27044490e-01, 9.89143887e-01, 3.26538570e-01, 0.00000000e+00]])"
      ]
     },
     "metadata": {},
     "output_type": "display_data"
    }
   ],
   "source": [
    "# for x in df_scaled['Taxable Beneefits (Scaled)']:\n",
    "#     print(x)\n",
    "    \n",
    "\n",
    "# Membuat DataFrame dari dataset Anda\n",
    "data = {\n",
    "    \"Position Title\": [\"Assistant Professor\", \"Professor\", \"Associate Director\", \"Associate Professor\",\n",
    "                        \"Academic Dean, Continuing Lecturer\", \"Associate Professor\", \"Project Scientist\",\n",
    "                        \"Professor\", \"Associate Professor\", \"Professor\", \"Lecturer\", \"Arts\", \"Executive Chef\",\n",
    "                        \"Associate Professor\", \"Information System Specialist\", \"Lecturer\", \"Manager, Counselling Services\",\n",
    "                        \"Professor\", \"Assistant Professor\", \"Team Lead, Information System\"],\n",
    "    \"Salary(Scaled)\": [0.335575, 0.639383, 0.185521, 0.619246, 0.073323, 0.436255, 0.088547, 0.538543, 0.194332, 0.501913,\n",
    "                       0.286263, 0.952670, 0.000000, 0.376441, 0.024286, 0.290132, 0.202868, 1.000000, 0.207409, 0.012840],\n",
    "    \"Taxable Benefits (Scaled)\": [0.114494, 0.246680, 0.514481, 0.788284, 1.000000, 0.724613, 0.036910, 0.917719, 0.523532,\n",
    "                                 0.819352, 0.536144, 0.318973, 0.000000, 0.156577, 0.008278, 0.034549, 0.473020, 0.411384,\n",
    "                                 0.086527, 0.348768]\n",
    "}\n",
    "\n",
    "df = pd.DataFrame(data)\n",
    "\n",
    "# Menghitung Euclidean distance\n",
    "euclidean_dist = euclidean_distances(df[[\"Salary(Scaled)\", \"Taxable Benefits (Scaled)\"]], df[[\"Salary(Scaled)\", \"Taxable Benefits (Scaled)\"]])\n",
    "\n",
    "# Hasil Euclidean distance\n",
    "print(\"Euclidean Distances:\")\n",
